-1.000000000000000000e+00 -1.000000000000000000e+00
1.000000000000000000e+00 -1.000000000000000000e+00
1.000000000000000000e+00 1.000000000000000000e+00
-1.000000000000000000e+00 1.000000000000000000e+00
-6.666666660848115100e-01 -1.000000000000000000e+00
-3.333333319094142766e-01 -1.000000000000000000e+00
2.379823865750196887e-09 -1.000000000000000000e+00
3.333333347066566033e-01 -9.999999999999998890e-01
6.666666668654370742e-01 -9.999999999999998890e-01
1.000000000000000000e+00 -6.666666660848115100e-01
1.000000000000000000e+00 -3.333333319094142766e-01
1.000000000000000000e+00 2.379823865750196887e-09
9.999999999999998890e-01 3.333333347066566033e-01
9.999999999999998890e-01 6.666666668654370742e-01
6.666666660848115100e-01 1.000000000000000000e+00
3.333333319094142766e-01 1.000000000000000000e+00
-2.379823865750196887e-09 1.000000000000000000e+00
-3.333333347066566033e-01 9.999999999999998890e-01
-6.666666668654370742e-01 9.999999999999998890e-01
-1.000000000000000000e+00 6.666666660848115100e-01
-1.000000000000000000e+00 3.333333319094142766e-01
-1.000000000000000000e+00 -2.379823865750196887e-09
-9.999999999999998890e-01 -3.333333347066566033e-01
-9.999999999999998890e-01 -6.666666668654370742e-01
7.150789513216230242e-01 -1.912977326211761919e-01
-1.545445414699035958e-01 -7.098514113676859250e-01
-6.054640826885027138e-01 1.974716600756694918e-01
1.754841509367890129e-01 6.222876120306489733e-01
3.832258641483273220e-01 -7.092814241087450622e-01
6.997025522930792052e-01 4.177946676810221915e-01
-4.052579590122142861e-01 7.142782777401135430e-01
-6.975359874437524477e-01 -3.854390489319549085e-01
1.512055259912044869e-01 -7.096645076141794295e-01
7.827337112422290410e-03 -4.165976865609167801e-01
-3.885440987969986937e-01 -4.107999653429947884e-01
-1.489512899076695929e-01 -1.393895808976776951e-01
2.111257108680880124e-01 -4.951338044536567756e-02
-4.866048873233740080e-02 5.868592179246486656e-02
3.337759684595368870e-01 2.351552634500967132e-01
-3.103066880874915112e-01 1.350440374571804936e-01
-2.103709934001911919e-01 3.987840706062208973e-01
4.135029584538394976e-01 -4.177288644529796868e-01
6.180569516234010186e-01 1.367213912528986997e-01
-6.743637849628724146e-01 -7.805543316078586424e-02
5.015456086791665324e-01 7.203012942725257606e-01
-3.792098311648520181e-01 -7.052081116601306432e-01
7.111253725153492411e-01 -4.024011085526640885e-01
-7.101066301750222909e-01 5.000511268509464369e-01
-1.076823180609798036e-01 6.874022057275956943e-01
6.280961362175278839e-02 3.280539913570800215e-01
-4.826920953650081780e-01 4.217390758293059205e-01
4.302919748065979766e-01 5.133641784952531761e-01
-3.687563839016533840e-01 -1.275818327104165095e-01
4.962157274666034179e-01 -1.357597364917073057e-01
-6.867120539198667828e-01 -6.905066744242452925e-01
6.907056721220139472e-01 -6.941274256718119595e-01
7.095458451406033706e-01 7.056296242044582945e-01
-6.997823817111191724e-01 7.105153785310338588e-01
