31 34 52 43
46 24 53 41
48 40 49 27
48 30 50 40
39 26 43 52
20 21 43 26
53 24 11 42
28 32 6 7
31 43 21 22
29 42 11 12
33 32 28 41
6 32 33 25
37 35 33 36
38 42 29 51
33 34 45 25
15 16 48 27
39 37 49 40
6 25 45 5
51 44 15 27
50 47 20 26
11 24 46 10
33 41 53 36
33 35 52 34
23 0 4 54
8 1 9 55
13 2 14 56
18 3 19 57
30 48 16 17
36 38 49 37
26 39 40 50
37 39 52 35
42 38 36 53
10 46 55 9
5 45 54 4
15 44 56 14
20 47 57 19
7 8 55 28
12 13 56 29
17 18 57 30
22 23 54 31
27 49 38 51
51 29 56 44
50 30 57 47
34 31 54 45
41 28 55 46
